11410083
11610111
11611730
11612915
11710301
11710438
11710607
11710626
11710932
11711305
11711307
11711318
11711523
11711703
11711716
11711819
11711905
11711915
11712004
11712012
11712101
11712223
11712237
11712332
11712425
11712525
11712607
11712723
11712737
11712740
11712821
11712824
11712904
11712908
11810102
11810107
11810108
11810125
11810126
11810213
11810215
11810217
11810302
11810303
11810306
11810307
11810310
11810331
11810410
11810412
11810414
11810420
11810422
11810504
11810520
11810612
11810616
11810620
11810709
11810713
11810733
11810734
11810807
11810813
11810814
11810817
11810824
11810831
11810835
11810918
11811009
11811016
11811018
11811025
11811035
11811112
11811119
11811136
11811140
11811219
11811222
11811235
11811239
11811240
11811304
11811306
11811307
11811325
11811338
11811533
11811538
11811605
11811610
11811611
11811613
11811618
11811813
11811814
11811837
11811901
11811915
11811918
11811920
11811931
11812015
11812020
11812031
11812125
11812203
11812206
11812214
11812216
11812220
11812221
11812226
11812303
11812310
11812314
11812320
11812324
11812327
11812334
11812401
11812413
11812428
11812502
11812503
11812516
11812520
11812610
11812619
11812621
11812705
11812709
11812712
11812717
11812723
11812725
11812804
11812811
11812823
11812833
11812918
11812923
11812924
11813001
11813012
11813018
11813019
11813020
11813022
11813101
11813113
11813118
11813124
11813125
11813133
11813201
11813214
